     j=1_la=1_energy      3.9570000e+000      3.9570000e-001
   j=1_la=1_ch=1_rwa      2.3880548e-001      2.3880548e-002
